       
1  16.0
2  30.4
3  34.8
4  37.2
5  35.3
6  39.2
7  39.7
8  13.6
9  27.3
10 37.1
11 41.8
12 40.6
13 41.4
14 44.3
15 16.2
16 32.4
17 40.3
18 42.1
19 42.9
20 43.9
21 45.5
22 14.2
23 24.1
24 30.3
25 34.6
26 32.5
27 35.4
28 38.7
29  9.3
30 27.3
31 35.0
32 38.8
33 38.6
34 37.5
35 42.4
36 15.1
37 21.0
38 38.1
39 34.0
40 38.9
41 39.6
42 41.4
43 10.6
44 19.2
45 26.2
46 30.0
47 30.9
48 32.4
49 35.5
50 12.0
51 22.0
52 30.6
53 31.8
54 32.4
55 31.1
56 31.5
57 11.3
58 19.4
59 25.8
60 27.9
61 28.5
62 28.1
63 27.8
64 10.5
65 14.9
66 18.1
67 18.9
68 19.5
69 22.2
70 21.9
71  7.7
72 11.4
73 12.3
74 13.0
75 12.5
76 13.7
77 14.4
78 10.6
79 18.0
80 17.9
81 17.9
82 17.9
83 18.9
84 19.9
